20131210   2456637.85352      15.476       0.010
20131211   2456638.84566      15.565       0.008
20131212   2456639.85521      15.595       0.011
20131213   2456640.83250      15.622       0.008
20131214   2456641.85886      15.653       0.012
20131215   2456642.85007      15.679       0.022
20131217   2456644.85535      15.614       0.012
20131218   2456645.83879      15.683       0.012
20131219   2456646.84811      15.636       0.011
20131221   2456648.84214      15.529       0.010
20131222   2456649.83161      15.547       0.011
20131223   2456650.85669      15.562       0.012
20131226   2456653.83811      15.250       0.008
20131227   2456654.82486      15.228       0.006
20131228   2456655.83016      15.244       0.006
20131229   2456656.80201      15.068       0.005
20131230   2456657.82362      14.970       0.005
20140101   2456659.83627      15.099       0.005
20140102   2456660.84320      15.208       0.006
20140104   2456662.83029      15.159       0.006
20140105   2456663.78399      15.095       0.006
20140106   2456664.83527      15.020       0.005
20140107   2456665.82727      15.155       0.006
20140108   2456666.81857      14.950       0.005
20140110   2456668.78267      15.012       0.005
20140111   2456669.87371      14.977       0.007
20140112   2456670.83615      14.964       0.005
20140114   2456672.82153      14.818       0.005
20140115   2456673.83922      14.576       0.005
20140117   2456675.82609      14.427       0.005
20140118   2456676.79261      14.750       0.006
20140119   2456677.82650      14.875       0.006
20140120   2456678.82546      14.885       0.007
20140123   2456681.83664      14.925       0.050
20140124   2456682.79386      14.732       0.005
20140125   2456683.79984      14.738       0.004
20140126   2456684.79505      14.715       0.004
20140128   2456686.78988      14.645       0.004
20140129   2456687.77056      14.561       0.004
20140130   2456688.80691      14.600       0.004
20140131   2456689.76279      14.696       0.004
20140201   2456690.76084      14.689       0.004
20140203   2456692.83222      14.382       0.003
20140205   2456694.79591      14.578       0.004
20140207   2456696.73062      14.520       0.004
20140208   2456697.74731      14.610       0.004
20140210   2456699.75491      14.770       0.005
20140211   2456700.82660      14.721       0.004
20140212   2456701.75637      14.763       0.005
20140213   2456702.75527      14.720       0.006
20140215   2456704.73750      14.600       0.006
20140216   2456705.74419      14.772       0.008
20140219   2456708.72484      14.494       0.005
20140220   2456709.75536      14.434       0.004
20140221   2456710.80462      14.401       0.004
20140222   2456711.74577      14.353       0.004
20140223   2456712.78505      14.264       0.003
20140224   2456713.74134      14.340       0.003
20140225   2456714.82297      14.372       0.003
20140227   2456716.78070      14.333       0.009
20140302   2456719.75092      14.326       0.003
20140303   2456720.74124      14.299       0.003
20140304   2456721.77435      14.123       0.003
20140305   2456722.68606      14.287       0.003
20140306   2456723.71284      14.172       0.003
20140308   2456725.73636      14.344       0.003
20140310   2456727.66659      14.219       0.003
20140310   2456727.75820      14.248       0.003
20140311   2456728.70453      14.281       0.003
20140311   2456728.74942      14.265       0.003
20140311   2456728.79432      14.277       0.003
20140312   2456729.60109      14.330       0.004
20140312   2456729.64074      14.326       0.003
20140312   2456729.77023      14.279       0.003
20140313   2456730.70620      14.410       0.004
20140313   2456730.73609      14.406       0.004
20140313   2456730.78036      14.432       0.004
20140314   2456731.60361      14.418       0.006
20140314   2456731.65257      14.387       0.005
20140314   2456731.78427      14.389       0.005
20140315   2456732.75044      14.526       0.005
20140315   2456732.80742      14.531       0.006
20140316   2456733.59786      14.484       0.009
20140316   2456733.64853      14.495       0.008
20140316   2456733.67505      14.440       0.008
20140319   2456736.70702      14.535       0.005
20140320   2456737.74850      14.543       0.004
20140321   2456738.75570      14.599       0.004
20140322   2456739.65073      14.628       0.004
20140322   2456739.72534      14.634       0.004
20140323   2456740.72679      14.655       0.004
20140325   2456742.74363      14.539       0.003
20140326   2456743.72103      14.526       0.004
20140327   2456744.61885      14.426       0.003
20140328   2456745.72930      14.449       0.003
20140329   2456746.67193      14.490       0.003
20140330   2456747.71803      14.500       0.003
20140331   2456748.67433      14.444       0.003
20140401   2456749.75489      14.388       0.003
20140401   2456749.76597      14.382       0.003
20140401   2456749.77504      14.381       0.003
20140401   2456749.78405      14.375       0.003
20140402   2456750.60774      14.342       0.003
20140402   2456750.68057      14.350       0.003
20140402   2456750.68956      14.344       0.003
20140402   2456750.69863      14.435       0.003
20140403   2456751.80651      14.446       0.017
20140403   2456751.81549      14.479       0.013
20140403   2456751.82444      14.455       0.005
20140403   2456751.83340      14.446       0.005
20140404   2456752.56866      14.492       0.004
20140404   2456752.77887      14.501       0.003
20140404   2456752.78806      14.482       0.003
20140404   2456752.80499      14.486       0.004
20140404   2456752.81420      14.494       0.004
20140404   2456752.82308      14.479       0.004
20140405   2456753.83075      14.500       0.004
20140405   2456753.83968      14.501       0.004
20140405   2456753.84862      14.501       0.004
20140405   2456753.85770      14.499       0.004
20140405   2456753.86682      14.500       0.004
20140406   2456754.61506      14.539       0.004
20140406   2456754.74835      14.555       0.004
20140406   2456754.75757      14.551       0.004
20140406   2456754.79366      14.571       0.004
20140406   2456754.81739      14.532       0.004
20140406   2456754.83869      14.558       0.004
20140407   2456755.63540      14.582       0.005
20140410   2456758.66753      14.528       0.011
20140411   2456759.62375      14.659       0.005
20140413   2456761.69011      14.549       0.011
20140418   2456766.69919      14.771       0.004
20140419   2456767.69637      14.789       0.004
20140420   2456768.55840      14.755       0.004
20140421   2456769.62397      14.735       0.004
20140422   2456770.53482      14.774       0.005
20140423   2456771.69433      14.796       0.004
20140424   2456772.61671      14.827       0.004
20140425   2456773.67747      14.853       0.004
20140428   2456776.55573      14.688       0.004
20140429   2456777.56004      14.798       0.004
20140430   2456778.57481      14.815       0.004
20140501   2456779.56919      14.801       0.004
20140504   2456782.69503      14.657       0.004
20140505   2456783.58983      14.237       0.038
20140507   2456785.64418      14.751       0.005
20140508   2456786.52392      14.668       0.004
20140509   2456787.53097      14.567       0.025
20140513   2456791.51561      14.544       0.005
20140514   2456792.50951      14.592       0.005
20140516   2456794.59548      14.531       0.004
20140517   2456795.54171      14.481       0.003
20140519   2456797.52732      14.416       0.003
20140520   2456798.71278      14.505       0.004
20140523   2456801.56740      14.644       0.004
20140525   2456803.53931      14.762       0.004
20140526   2456804.53010      14.761       0.004
20140527   2456805.54241      14.843       0.004
20140530   2456808.57448      15.027       0.005
20140531   2456809.56488      15.024       0.005
20140601   2456810.50709      15.040       0.005
20140609   2456818.54077      15.099       0.008
20140615   2456824.44759      15.190       0.012
20140621   2456830.53602      15.272       0.017
20140623   2456832.59064      15.227       0.017
20140625   2456834.52457      15.286       0.006
20140626   2456835.47456      15.287       0.006
20140627   2456836.52751      15.284       0.006
20140628   2456837.50140      15.324       0.006
20140629   2456838.50139      15.329       0.009
20140630   2456839.48093      15.325       0.006
20140701   2456840.53059      15.311       0.006
20140707   2456846.59995      15.406       0.036
20140709   2456848.47914      15.199       0.007
20140716   2456855.54772      15.074       0.005
20140717   2456856.57101      14.970       0.005